Station: 251150060
  mean: 2.946238030095759
  median: 2.7
  variance: 40.71203441119393
  std_dev: 6.380598280035653
  quartiles: [-2.    2.7   8.05]

Station: 254180170
  mean: 2.997537619699042
  median: 2.5
  variance: 43.92738107758613
  std_dev: 6.627773463055759
  quartiles: [-1.6  2.5  8.5]

Station: 252160230
  mean: 3.308618331053352
  median: 2.5
  variance: 38.405630238733735
  std_dev: 6.197227625215467
  quartiles: [-1.45  2.5   8.05]
